0.6964691855978616
0.28613933495037946
0.2268514535642031
0.5513147690828912
0.7194689697855631
0.42310646012446096
0.9807641983846155
0.6848297385848633
0.48093190148436094
0.3921175181941505
0.3431780161508694
0.7290497073840416
0.4385722446796244
0.05967789660956835
0.3980442553304314
0.7379954057320357
0.18249173045349998
0.17545175614749253
0.5315513738418384
0.5318275870968661
0.6344009585513211
0.8494317940777896
0.7244553248606352
0.6110235106775829
0.7224433825702216
0.3229589138531782
0.3617886556223141
0.22826323087895561
0.29371404638882936
0.6309761238544878
0.09210493994507518
0.43370117267952824
0.4308627633296438
0.4936850976503062
0.425830290295828
0.3122612229724653
0.4263513069628082
0.8933891631171348
0.9441600182038796
0.5018366758843366
0.6239529517921112
0.11561839507929572
0.3172854818203209
0.4148262119536318
0.8663091578833659
0.2504553653965067
0.48303426426270435
0.985559785610705
0.5194851192598093
0.6128945257629677
0.12062866599032374
0.8263408005068332
0.6030601284109274
0.5450680064664649
0.3427638337743084
0.3041207890271841
0.4170222110247016
0.6813007657927966
0.8754568417951749
0.5104223374780111
0.6693137829622723
0.5859365525622129
0.6249035020955999
0.6746890509878248
0.8423424376202573
0.08319498833243877
0.7636828414433382
0.243666374536874
0.19422296057877086
0.5724569574914731
0.09571251661238711
0.8853268262751396
0.6272489720512687
0.7234163581899548
0.01612920669501683
0.5944318794450425
0.5567851923942887
0.15895964414472274
0.1530705151247731
0.6955295287709109
0.31876642638187636
0.6919702955318197
0.5543832497177721
0.3889505741231446
0.9251324896139861
0.8416699969127163
0.35739756668317624
0.04359146379904055
0.30476807341109746
0.398185681917981
0.7049588304513622
0.9953584820340174
0.35591486571745956
0.7625478137854338
0.5931769165622212
0.6917017987001771
0.15112745234808023
0.39887629272615654
0.24085589772362448
0.34345601404832493
0.5131281541990022
0.6666245501640716
0.10590848505681383
0.13089495066408074
0.32198060646830806
0.6615643366662437
0.8465062252707221
0.5532573447967134
0.8544524875245048
0.3848378112757611
0.31678789711837974
0.3542646755916785
0.17108182920509907
0.8291126345018904
0.3386708459143266
0.5523700752940731
0.578551468108833
0.5215330593973323
0.002688064574320692
0.98834541928282
0.9053415756616099
0.2076358611963245
0.2924894127924248
0.5200101530724834
0.9019113726606706
0.9836308849117232
0.2575420641540831
0.5643590429247817
0.8069686841371791
0.3943700539527748
0.7310730358445571
0.16106901442921484
0.6006985678335899
0.8658644583032646
0.9835216092035556
0.07936579037801572
0.42834727470094924
0.2045428595464277
0.4506364905187348
0.547763572628854
0.09332671036982076
0.29686077548067946
0.9275842401521475
0.5690037314301953
0.45741199752361195
0.7535259907981146
0.7418621518420373
0.04857903284426879
0.708697395442746
0.8392433478050836
0.16593788420695388
0.7809979379999573
0.2865366167291019
0.3064697533295573
0.665261465349683
0.11139217160771575
0.6648724488032943
0.8878567926762226
0.6963112682354063
0.44032787666540907
0.4382143843772247
0.7650960952393066
0.5656420012258828
0.0849041631918176
0.5826710878614046
0.8148437028934097
0.33706638344761
0.9275765795753895
0.7507170003431679
0.5740638251499645
0.7516439887929184
0.07914896073820521
0.8593890756806114
0.8215041132005579
0.9098716596102089
0.12863119750938
0.08178008709398521
0.13841557278158978
0.3993787101028001
0.4243068610809919
0.5622183787309056
0.12224354963250506
0.20139950138137086
0.8116443482840215
0.4679875740567494
0.8079382094836102
0.007426378544613033
0.5515927259824055
0.9319321480766781
0.5821754591458701
0.20609572744527416
0.7177575622795576
0.3789858496989177
0.6683839472594598
0.02931972289377127
0.6359003593513561
0.032197934937924
0.744780655141766
0.4729130022384551
0.12175435547305369
0.542635925788506
0.0667744432250047
0.6533648713530407
0.9960863273678254
0.7693973370739623
0.5737741136588245
0.10263525921079586
0.6998340747729147
0.6611678673279311
0.04909713062277632
0.7922993018445906
0.5187165908905051
0.4258676941999191
0.7881871736014655
0.41156922320883715
0.48102627550515353
0.18162884267382462
0.32131889950642867
0.8455329965625688
0.18690374892671535
0.4172910609033441
0.9890345073952994
0.23659981170551936
0.9168323329388289
0.918397467805633
0.09129634220320182
0.463652724885516
0.5022163353227871
0.31366895005212747
0.047339537237736984
0.24168563724539782
0.09552964155536092
0.23824990571241178
0.8077910862901561
0.8949782878860116
0.0432228920796468
0.301946836262719
0.9805821985942876
0.5395048225537353
0.6263093617098563
0.0055454084069045395
0.48490944344255926
0.9883285346223875
0.3751855274827981
0.09703815863886123
0.4619087615684484
0.9630044659922582
0.34183061356501643
0.7989227332150132
0.7988463312130619
0.20824829673893663
0.44336770180121177
0.7156012751543048
0.41051978541392786
0.19100695537042112
0.9674943068064185
0.6507503664762934
0.8654598515228994
0.025242357799643678
0.26690581479113473
0.5020711003267428
0.06744863513005173
0.9930332610947917
0.2364623961980289
0.37429218234544803
0.21401191490834626
0.10544586610545081
0.23247978560423577
0.3006101355032047
0.6344422678994391
0.2812347814529085
0.36227676097657624
0.005942843723529823
0.36571912592736455
0.5338859816982946
0.1620158370505309
0.597433108360375
0.29315246862717936
0.6320504948017279
0.026196605250843774
0.8875934604677749
0.016118630423373914
0.12695803103596137
0.7771624615706022
0.04589523220217062
0.71099869359551
0.9710461405101289
0.8716829331423073
0.7101616513206985
0.9585097430216668
0.42981333788658194
0.8728789143218073
0.3559576679736146
0.9297636529038468
0.1487776562421036
0.9400290149282735
0.8327161972832127
0.8460548381964641
0.12392300992394434
0.596486898341737
0.01639248087593137
0.7211843660506068
0.007737514125903955
0.08482227744523363
0.2254984104500236
0.8751245338732246
0.36357631798761336
0.5399599352125585
0.5681032138189784
0.22546336030595993
0.5721467679844612
0.6609517950296032
0.29824539331732947
0.41862685898002594
0.45308892454613003
0.9323506615420816
0.5874937474795024
0.9482523716181412
0.5560347537651469
0.5005614208491012
0.003532210966248339
0.4808890438749621
0.9274549985626518
0.19836568902671914
0.05209113438949886
0.40677889347386853
0.372396480594112
0.8571530578712436
0.02661111555995954
0.9201492297590049
0.6809029989949564
0.9042259940642177
0.6075290708206388
0.8119533124361243
0.33554387353928616
0.34956622802755977
0.3898742303282924
0.7547970815727832
0.3692911744286478
0.24221980649226726
0.9376683567905958
0.9080110836630401
0.34879731608699105
0.6346380702580473
0.27384221165307576
0.20611512871356907
0.3363395289967944
0.3270998926155012
0.8822761011966163
0.8223038147237254
0.7096232285590979
0.9593452252588969
0.42254335310805813
0.24503303855567626
0.11739843719148924
0.3010533582011998
0.14526373397045378
0.09218609736837002
0.6029321967069232
0.3641874497564469
0.5645703425961436
0.1913357207205566
0.6769058596527606
0.2155054472756598
0.27802359374403607
0.7417604221448768
0.5597378956447119
0.33483641286701926
0.5429887825451936
0.6939847028582425
0.912132121477629
0.5807132133944539
0.2326863788928809
0.7466976307764965
0.7777690175547075
0.200401314962654
0.820574219677886
0.4649348547228265
0.7797666620889452
0.2374782199882659
0.3325802697176764
0.9536971192916528
0.657815073149805
0.7728778305015418
0.6883743432206291
0.20430411784843272
0.4706887484465426
0.808963872711785
0.6750351269093718
0.006027885653297926
0.0874077426528228
0.3467947202135594
0.9443655396185902
0.4911904809745835
0.27017626743033374
0.3604237194537099
0.21065262755406322
0.42120005717001263
0.21803543954947457
0.8457525073029277
0.45627059904156286
0.27980201843577024
0.9328916481414816
0.31435135362919675
0.9097146620433381
0.043418090970277046
0.7071150602676761
0.4838890390346263
0.4442210613279802
0.03632334435198159
0.04068319049138114
0.33275361706194095
0.9471195399074332
0.6176599771146911
0.3688748416809269
0.6119770390549055
0.2061315362852275
0.1650664428280374
0.3618172655313584
0.8633533515404317
0.5094017273502238
0.29690151605685555
0.9502516250691507
0.8159660896670599
0.3229739428024262
0.9720982452279924
0.9873510978303908
0.40866013374577803
0.6559231028884748
0.40565319845122805
0.2573481057405711
0.08265267599986825
0.26361034611783196
0.27147985350974524
0.3986390796831395
0.18488603102530865
0.9538184033144764
0.10287988538115755
0.6252085331388015
0.4416973880462206
0.42351804897659295
0.3719917829242795
0.8683147101724459
0.2804769806468097
0.020576157393623284
0.9180970159591066
0.8644802775736055
0.2769017900460029
0.5234875483250184
0.10908819726431707
0.09342706876107576
0.8374661084337091
0.410265717569233
0.6617165402023071
0.9432005584771528
0.24513059156146222
0.013159831290861401
0.02414840578377242
0.7093856924031721
0.9245518847934782
0.467330273012871
0.3751091480975187
0.5428604246774043
0.8589168375814408
0.6521538737929415
0.23297989668210628
0.7745802045205736
0.13461349733647
0.16555997072871287
0.6126822828089896
0.23878340614263116
0.7047785475555306
0.34951852739195666
0.27742396000738534
0.9989184059727976
0.04061612455845953
0.6458225216831122
0.03869958501224435
0.7602102579190041
0.23008995749829086
0.08983186707236401
0.6484497119090478
0.7326012172929284
0.6780953149188439
0.05190094713420723
0.29430694555415615
0.45108834621987504
0.2871032897254965
0.8105134562703709
0.13111510515269686
0.6121793616905918
0.9882149436274535
0.9025565385988689
0.2221570624850986
8.188761366767494e-05
0.9805973420619889
0.8827129846973776
0.9194724663276126
0.41550355083763335
0.744615462156731
0.21283149856914907
0.3923040710839275
0.8515480513871753
0.12761222421802076
0.893865367873639
0.4965079723751131
0.42609565537257443
0.3056463880931184
0.9168487852727761
0.5176234607612891
0.8040263683334777
0.8576517872810324
0.9223823545915368
0.3033807340330762
0.33981085404434463
0.5950738763476149
0.44132413545947113
0.932842532619742
0.3975640516334864
0.4777780483752103
0.617186088553268
0.40473948597374754
0.9924784359251065
0.0988512845589864
0.22060331780720233
0.3226551311236502
0.14772284363962018
0.2842192345315554
0.7792452928594803
0.5228920008852178
0.03395363612822
0.9826225851871888
0.6160064775666468
0.058939478603020956
0.6611687717969805
0.3783693706952339
0.13567329712507226
0.5636645928991928
0.7270799505033303
0.6711266044701217
0.2475131535003564
0.5248662214529077
0.5376634440708693
0.7168033641320368
0.359867348941067
0.7977325951909392
0.6279218488956
0.03833160701853866
0.5464790216690849
0.8619120954317699
0.5675741625552813
0.17582826545569508
0.510376370347584
0.7569458365293011
0.11010519644540051
0.8170990787402382
0.16748164116306108
0.5340764922160645
0.3857434824367175
0.24862376751135573
0.6474325130087323
0.03739210877243937
0.7600458067436451
0.5269406387343709
0.8757712105438529
0.5207183199213499
0.03503316853404814
0.14360096888214202
0.7956045886408273
0.4919760488579481
0.4418792714658586
0.3184347813774935
0.28454919826713043
0.9658863124897539
0.4329693307834276
0.8840030326750169
0.6481631232057743
0.8584276462736599
0.8524495447739876
0.9563120277897015
0.697942236203094
0.8053969353943662
0.7331278954025815
0.6052268359457805
0.7173541338917317
0.7157504114248329
0.04090779303629766
0.5161108355315025
0.7926513607264746
0.242962186510004
0.46514798647401345
0.43498571096039507
0.40278716928424396
0.12183952776741147
0.5257115412701479
0.4462483652703315
0.6633927572776407
0.5494130587824516
0.027542929652153214
0.031917987605751375
0.7013598010182327
0.707581118559356
0.9599391337244668
0.8767046815038113
0.4680596673872559
0.6259065116851689
0.45718172769626597
0.22294623666775293
0.37667699725634274
0.10388423246466616
0.6665271189949925
0.19203014371396754
0.4754677874911163
0.9674366030213775
0.03166893064808729
0.15172995005621215
0.29857918437171804
0.9418069644162544
0.9088417961283306
0.16200084081196064
0.9811177732774778
0.7507475251294209
0.5399770829325977
0.931702882961486
0.880607142176593
0.3913164925172572
0.6563431959794317
0.6473851455733436
0.3269681858229646
0.1793901746546659
0.46680987746197866
0.2632810363066591
0.35506512636640253
0.9541439688984596
0.46113787053216937
0.6848914654765899
0.33622989476765397
0.9958610784507721
0.6587676060416672
0.19600946574558387
0.09818399862146698
0.943180571177083
0.9447778322106275
0.6213283754279312
0.016991499346243222
0.22553488427648793
0.8012767841185258
0.8754598293130372
0.45398981441265374
0.36552061827744453
0.27422501145804523
0.11697051376637502
0.11574453594909695
0.952602698407964
0.8086261147255003
0.16477936058949305
0.20705004988393305
0.6555515506604268
0.7646642151836308
0.8103148452604476
0.16333769133638287
0.9841282880236972
0.2278020658150265
0.5894154331306973
0.58761575531881
0.9673618856426801
0.657667443075158
0.5849042663214956
0.5187725786639767
0.7646575380975301
0.10605526058762504
0.0020919011832274403
0.9524888677894636
0.4986576795001857
0.32833537883539077
0.3680532600831057
0.8038433161189259
0.3823702124187517
0.7701691739936929
0.440462002087854
0.8440774627504414
0.07620406404935243
0.48112832758013635
0.4668497102133887
0.26432797931205787
0.9436147449446575
0.9050284578590507
0.4435963019459075
0.09715960571546922
0.20678314889670946
0.2714918364634583
0.4842197735214392
0.33837711121872815
0.7741360698004832
0.47602660763508364
0.8703705044434535
0.9957817501352805
0.2198359500012872
0.6116713771751028
0.8475023105281434
0.9452366349450843
0.29008642504838056
0.7270427439463796
0.015016148417095754
0.8791424383895334
0.06393854911460795
0.7333953986698191
0.9946103868676592
0.5011897807926793
0.20933399073336945
0.5946435828865247
0.6241499797378908
0.6680727373286471
0.1726117421729011
0.898712692432408
0.6209913675004786
0.04356870455273687
0.6840410647070062
0.19608404662899992
0.0273407813194545
0.5509532752332554
0.8133136385809965
0.8599411482826469
0.10352092514915767
0.6630427856834763
0.71007522445797
0.29451699407148946
0.9713639986847535
0.27868747006804684
0.06998218938487966
0.5192803611428264
0.6943148861763578
0.24465978706263503
0.33858220222995694
0.5636279830315697
0.8866781657895102
0.7473259059374144
0.20959195911478068
0.251777070721103
0.5238806891674935
0.7689586949648641
0.6187617781927369
0.5013242663009158
0.5971253398402422
0.7560600291296606
0.5370797938003441
0.8977527442040371
0.9470674904902782
0.9153545066254917
0.7545183400600219
0.2463210039912228
0.38527144600888763
0.27999995106635067
0.6576602410591048
0.3242216244416859
0.7543916049043361
0.11350907840928237
0.7753647628426916
0.5859019746533354
0.8353886871465002
0.4308756521307119
0.6249644532088534
0.5544121315655142
0.9756712663530814
0.75547439141811
0.5448132494076166
0.17403209053872037
0.9041142168501333
0.2058377826833102
0.6500432567901567
0.9364718529746944
0.22357963021169147
0.2259235407364153
0.8518189104220247
0.8276550259688847
0.3517033529777046
0.26509628868184487
0.12738847226176264
0.9879361031001443
0.8353431008802664
0.8993916049390368
0.5136793260104071
0.11438483228627394
0.052580338450309294
0.3305821028149494
0.9203304329868399
0.9475818351374471
0.8411638657691359
0.15867914347054068
0.41992317111107913
0.24624291870012616
0.20534977472836524
0.6848258501106498
0.48611166771976655
0.32490964497582575
0.10021446233482167
0.5447633709916293
0.34702515306689696
0.39109580615045947
0.3105087417947062
0.3871952049195172
0.5558595845777259
0.01414380559704298
0.8476469952234775
0.921919861628906
0.550529690458703
0.26802111678461615
0.990239000214079
0.3831940300064184
0.6936553942904969
0.6899525472450695
0.43430906465916996
0.19915815733342257
0.9665793758873915
0.06369085931987073
0.48514938782304673
0.2207307097902793
0.29397413222781144
0.8285273221945306
0.36726556298291757
0.0833482697088479
0.19630900512198524
0.8603734102651812
0.9770288500601702
0.2679821606163737
0.6754089877031894
0.08119899749979076
0.7234655918313483
0.41643661240045915
0.9181599182878918
0.31153616995334044
0.9414669974055251
0.5032474270825046
0.3488929240337493
0.6470195951367086
0.24974620331112607
0.22976359734951513
0.19634644462476158
0.9598995638258104
0.49291372761857344
0.7516149628649933
0.4739918813306616
0.587540160067117
0.5841389811359987
0.9798863079173877
0.6684331241791219
0.23976947157144035
0.015197659163774913
0.21868213967471284
0.4555196422979567
0.3934203367264807
0.8123262393163492
0.7855567550012524
0.08909596791341601
0.9520107249691939
0.5274566773831276
0.5964039628598135
0.4050567713073343
0.6495009556955038
0.8713263034994649
0.6739359668194994
0.9700985438195028
0.70112224966202
0.8217207364459764
0.04503958381883444
0.6726985139975504
0.6547526444539162
0.1017460509816237
0.8423874960636102
0.6141724039011307
0.09832809038493295
0.5944671187226835
0.4784158483289743
0.23329356988780536
0.01975609057967087
0.36556728118576176
0.6198510774700762
0.32927913348729276
0.30725465251557216
0.7511212421236493
0.7586246475558129
0.7187658354791752
0.10118195410518882
0.5161659569719435
0.5577986603652184
0.7448045269403941
0.9031777222608673
0.369038866038102
0.42866347233907953
0.73276749239863
0.6626364186702072
0.5578699009183914
0.3501396320029525
0.19535234655710854
0.18380737200776398
0.08158329044987267
0.08120084988608878
0.8457982236337457
0.3836727491738574
0.06073962294844848
0.8964256715352398
0.2232704743535645
0.2681244303112845
0.19449783954442568
0.9675010598827931
0.11254008616830458
0.7221632421646765
0.9320887430439108
0.6680012953223041
0.8587266094526644
0.2424471019132517
0.6739279785938584
0.7008713399668177
0.4583325126729758
0.8705456206135345
0.6943861001685755
0.8948777911388328
0.7532043532734796
0.5202904213134976
0.49868821599564317
0.4537276267000506
0.02164686285306583
0.5351414000152167
0.4229732337142639
0.1575335961026365
0.11906969838693071
0.4493518783136614
0.03991305354624952
0.9865798891004532
0.3781209313069236
0.38210919295113155
0.051126300536686764
0.4266723339526386
0.01574543731324174
0.030093633332828995
0.33909923316240465
0.8209689477458776
0.45882107993259647
0.014840579205987692
0.16322003168957488
0.739922721951798
0.738293737144718
0.7545229064049134
0.3516693761835352
0.3522769470389784
0.802075667038983
0.39813788548916507
0.7271910050605631
0.5811230088811801
0.3643416795747092
0.08000652000512909
0.11612537647336085
0.8895587233089042
0.45234051002238485
0.9940045389344353
0.3638969484935056
0.24995430466993274
0.35053931981098774
0.3430860969639926
0.6373567316294646
0.012737563683906106
0.7632686372671517
0.4164146251970451
0.4322391936696519
0.4811150151307366
0.44921244879621824
0.4974708990603951
0.34590431035752467
0.4533461368902775
0.4046513356809647
0.5182427179770788
0.6232690848561278
0.24104060721752496
0.5084371488081444
0.5946219192109039
0.016948314590105373
0.5204937386572783
0.23929324602658064
0.4045385479446476
0.826530162357383
0.3262355967604622
0.48321692374912206
0.024741153660115422
0.3087508781652204
0.6397210930860819
0.31516177455940775
0.2057975061817966
0.29065567988965013
0.9543783068089432
0.08680182225227817
0.4633577635747146
0.058386903658624534
0.5386582412888192
0.14603573698444772
0.6340848052471737
0.2643974624901212
0.6909153889222626
0.347146059668729
0.004168488607576015
0.2948947090182449
